Lambda (nm)	A	B	C	D50	D55	D65	D75	F1	F2	F3	F4	F5	F6	F7	F8	F9	F10	F11	F12
380	0,09795	0,218	0,31339	0,24587	0,326	0,49975	0,667	0,1305	0,07302	0,04931	0,03491	0,12303	0,06098	0,2035	0,10289	0,07064	0,3284	0,32155	0,31169
385	0,109	0,261	0,37911	0,30829	0,3535	0,52312	0,6835	0,16469	0,09158	0,06133	0,04287	0,15461	0,07607	0,25278	0,12755	0,08791	0,18639	0,22261	0,20779
390	0,12085	0,304	0,45014	0,37071	0,381	0,54648	0,7	0,20516	0,11386	0,07577	0,05328	0,19211	0,09466	0,30525	0,15391	0,10675	0,18343	0,16254	0,1461
395	0,13354	0,353	0,52393	0,43313	0,4955	0,68701	0,8595	0,24215	0,13304	0,08659	0,06001	0,22697	0,11034	0,3601	0,18112	0,12559	0,16864	0,13074	0,10714
400	0,14708	0,402	0,60114	0,49555	0,61	0,82755	1,019	0,36078	0,21287	0,15454	0,12309	0,33553	0,1806	0,48887	0,26956	0,2033	0,43787	0,45583	0,38636
405	0,16148	0,4545	0,68196	0,5223	0,648	0,8712	1,069	1,36008	0,97092	0,8635	0,84201	1,24408	0,85947	1,53975	1,11224	1,00471	3,59763	4,48057	4,05195
410	0,17675	0,507	0,76543	0,54905	0,686	0,91486	1,119	0,42777	0,23824	0,16236	0,11941	0,39474	0,19919	0,58585	0,32568	0,2394	0,62722	0,56184	0,36364
415	0,19291	0,561	0,85024	0,5758	0,701	0,92459	1,1235	0,43545	0,23144	0,14732	0,09737	0,40197	0,19164	0,56041	0,29337	0,20094	0,79882	0,63251	0,30519
420	0,20995	0,615	0,93162	0,60255	0,716	0,93432	1,128	0,48918	0,25928	0,16416	0,10778	0,45066	0,2137	0,61288	0,32823	0,22449	1,10651	0,86926	0,35065
425	0,22788	0,663	1,00475	0,6395	0,6975	0,90057	1,0795	0,54361	0,28589	0,1804	0,11819	0,49868	0,23635	0,66852	0,37585	0,25903	1,52071	1,17668	0,44481
430	0,24671	0,711	1,06743	0,67644	0,679	0,86682	1,031	0,59735	0,31312	0,19723	0,1286	0,54671	0,25842	0,72734	0,43282	0,29984	1,99704	1,58657	0,57792
435	0,26643	0,7485	1,11823	0,71338	0,7675	0,95774	1,1215	3,04745	2,1646	1,91521	1,85426	2,68158	1,89373	3,50874	2,89966	2,56044	10,17456	11,99293	9,43182
440	0,28703	0,786	1,15385	0,75032	0,856	1,04865	1,212	1,18214	0,73082	0,56945	0,49173	1,05658	0,62369	1,39269	1,05612	0,84537	4,39645	4,28622	2,56494
445	0,30851	0,8085	1,17236	0,78981	0,918	1,10936	1,271	0,74808	0,388	0,24173	0,15615	0,67895	0,31823	0,90223	0,65306	0,4584	3,07692	2,45583	0,86039
450	0,33086	0,831	1,17759	0,8293	0,98	1,17008	1,33	0,79204	0,41027	0,25556	0,16534	0,71776	0,33566	0,9539	0,73129	0,5157	3,18343	2,54064	0,87987
455	0,35407	0,845	1,17379	0,86879	0,9925	1,1741	1,327	0,82973	0,42884	0,26699	0,17269	0,75	0,35017	1	0,80442	0,56907	3,1568	2,5159	0,86039
460	0,37812	0,859	1,16904	0,90828	1,005	1,17812	1,324	0,86322	0,44493	0,27601	0,1782	0,77829	0,36295	1,03975	0,87075	0,61695	2,99112	2,37456	0,80844
465	0,403	0,877	1,17094	0,91975	1,002	1,16336	1,2985	0,88974	0,45792	0,28382	0,1831	0,80066	0,37224	1,06916	0,92177	0,65542	2,7426	2,16608	0,75649
470	0,42869	0,895	1,17569	0,93121	0,999	1,14861	1,273	0,90719	0,46658	0,28863	0,18616	0,81579	0,37863	1,08983	0,96344	0,68681	2,45266	1,92933	0,68182
475	0,45517	0,9105	1,17844	0,94268	1,013	1,15392	1,2705	0,91766	0,47153	0,29224	0,18861	0,825	0,38211	1,10334	0,99575	0,71115	2,1568	1,69258	0,62013
480	0,48242	0,926	1,17664	0,95414	1,027	1,15923	1,268	0,92324	0,47339	0,29284	0,18922	0,82763	0,38269	1,1089	1,01871	0,73077	2,34024	2	0,97727
485	0,51042	0,9325	1,16733	0,95541	1,004	1,12367	1,223	0,91905	0,47153	0,29164	0,18922	0,82368	0,38095	1,10731	1,03486	0,74411	4,92308	5,04947	3,51623
490	0,53913	0,939	1,14625	0,95669	0,981	1,08811	1,178	0,91626	0,47153	0,29345	0,19228	0,82039	0,38095	1,09857	1,04422	0,75432	4,9497	5,28622	3,85714
495	0,56854	0,9275	1,11016	0,95796	0,994	1,09082	1,122	0,89672	0,46101	0,28683	0,18739	0,80263	0,37282	1,08426	1,04762	0,75981	3,08876	3,16961	2,23377
500	0,59861	0,916	1,06458	0,95924	1,007	1,09354	1,066	0,87369	0,4505	0,28082	0,18371	0,78224	0,36469	1,06757	1,05017	0,76452	1,7574	1,66784	1,11364
505	0,62932	0,899	1,01595	0,96306	1,007	1,08578	1,1015	0,85136	0,44245	0,27781	0,18249	0,76382	0,36005	1,05326	1,05782	0,77551	0,98817	0,82332	0,48377
510	0,66063	0,882	0,97151	0,96688	1,007	1,07802	1,137	0,82554	0,43626	0,27781	0,18432	0,74539	0,35947	1,03975	1,06718	0,78807	0,69527	0,51943	0,2987
515	0,69252	0,8765	0,93837	0,9707	1,0035	1,06296	1,112	0,80251	0,43564	0,28443	0,19228	0,73026	0,36585	1,02782	1,07823	0,80534	0,55621	0,38869	0,23052
520	0,72496	0,871	0,92023	0,97452	1	1,0479	1,087	0,78297	0,44307	0,30006	0,20882	0,72105	0,38328	1,0159	1,08588	0,82261	0,47041	0,31449	0,19481
525	0,7579	0,884	0,91909	0,98344	1,021	1,06239	1,0955	0,77111	0,46225	0,32952	0,23882	0,72171	0,41347	1,00159	1,08163	0,83438	0,43491	0,29329	0,20455
530	0,79133	0,897	0,93067	0,99236	1,042	1,07689	1,104	0,76971	0,49752	0,37583	0,2872	0,73421	0,46109	0,98887	1,07143	0,84458	0,53254	0,41696	0,35714
535	0,82519	0,92	0,9491	1,00127	1,0315	1,06047	1,0835	0,78018	0,5495	0,44137	0,35579	0,75921	0,52671	0,98013	1,05697	0,86028	1,68935	1,73145	1,48052
540	0,85947	0,943	0,96961	1,01019	1,021	1,04405	1,063	0,80461	0,61943	0,52796	0,44825	0,79737	0,60918	0,97456	1,03912	0,87755	12,12426	13,9894	11,16883
545	0,89412	0,9625	0,98718	1,00764	1,027	1,04225	1,056	1,9358	1,5396	1,43235	1,38334	1,82763	1,46458	2,34658	2,46259	2,17504	21,80178	25,73852	21,23377
550	0,92912	0,982	0,99905	1,0051	1,033	1,04046	1,049	1,18981	1,0297	0,97054	0,92529	1,16645	1,01394	1,35533	1,40391	1,27865	9,94379	11,52297	9,57143
555	0,96442	0,991	1,00351	1,00255	1,0165	1,02023	1,0245	0,94557	0,90285	0,87733	0,84997	0,95197	0,90767	0,98887	1,00255	0,96389	2,43787	2,65724	2,32468
560	1	1	1	1	1	1	1	1	1	1	1	1	1	1	1	1	1	1	1
565	1,03582	0,999	0,9887	0,99745	0,986	0,98167	0,978	1,04745	1,08663	1,11185	1,14391	1,0375	1,07607	1,01113	1,00085	1,03689	0,73077	0,69258	0,80195
570	1,07184	0,998	0,97151	0,9949	0,972	0,96334	0,956	1,08304	1,15223	1,19964	1,26393	1,05921	1,12834	1,01987	1,0068	1,07143	0,63314	0,59011	0,73701
575	1,10803	0,99	0,95109	0,99236	0,9745	0,96061	0,949	1,27634	1,32859	1,38966	1,48683	1,21974	1,27584	1,22893	1,24235	1,30063	1,43787	1,56537	1,6526
580	1,14436	0,982	0,92877	0,98981	0,977	0,95788	0,942	1,36427	1,41027	1,48467	1,60808	1,28289	1,33624	1,33148	1,3699	1,42386	3,38757	3,98587	3,88312
585	1,1808	0,9735	0,90627	0,98726	0,9455	0,92237	0,906	1,08025	1,19369	1,28743	1,4256	1,0125	1,12718	1,01987	1,04932	1,14207	4,37574	5,21555	4,97403
590	1,21731	0,965	0,88509	0,98471	0,914	0,88686	0,87	1,04047	1,1547	1,25376	1,40478	0,96316	1,07782	1,00715	1,06548	1,14992	3,59763	4,49823	4,63312
595	1,25386	0,959	0,86629	0,98217	0,929	0,89346	0,871	0,98744	1,09715	1,19844	1,35579	0,90263	1,01161	0,98967	1,08163	1,15071	2,65385	3,4417	3,85065
600	1,29043	0,953	0,85185	0,97962	0,944	0,90006	0,872	0,92254	1,02351	1,12267	1,28047	0,83487	0,93438	0,969	1,09864	1,14678	1,92899	2,59011	3,01299
605	1,32697	0,9555	0,84359	0,98217	0,9475	0,89803	0,8665	0,85066	0,94121	1,03548	1,18983	0,76118	0,85017	0,94515	1,11565	1,13815	2,60651	3,43463	3,99675
610	1,36346	0,958	0,83951	0,98471	0,951	0,89599	0,861	0,77599	0,85396	0,94107	1,08634	0,6875	0,76365	0,9221	1,13435	1,12951	13,05325	19,53004	22,25
615	1,39988	0,964	0,83751	0,98726	0,9465	0,88649	0,8485	0,69993	0,76485	0,84426	0,97979	0,61513	0,67828	0,90223	1,15731	1,1303	10,22189	15,04594	17,21429
620	1,43618	0,97	0,83666	0,98981	0,942	0,87699	0,836	0,62456	0,6776	0,74865	0,88304	0,54539	0,59524	0,88394	1,17942	1,13579	3,57692	4,65724	4,76299
625	1,47235	0,976	0,83628	0,98981	0,923	0,85494	0,8115	0,55548	0,59715	0,65845	0,76914	0,48158	0,52033	0,87043	1,19643	1,14757	3,59467	4,65018	4,66883
630	1,50836	0,982	0,83571	0,98981	0,904	0,83289	0,787	0,48988	0,5198	0,57186	0,66932	0,42171	0,44948	0,85533	1,20748	1,15542	3,11243	4,33216	4,77597
635	1,54418	0,988	0,83438	0,98981	0,9135	0,83494	0,7855	0,43266	0,45297	0,49729	0,58298	0,37039	0,3885	0,8283	1,20408	1,14207	1,31065	1,80565	2,0974
640	1,57979	0,994	0,83381	0,98981	0,923	0,83699	0,784	0,37823	0,39047	0,42754	0,50092	0,32237	0,33159	0,80366	1,20153	1,1303	0,57692	0,73145	0,83442
645	1,61516	1,0025	0,83561	0,98854	0,906	0,81863	0,766	0,33008	0,33601	0,36621	0,42927	0,28026	0,28281	0,79809	1,21939	1,14443	0,64793	0,82686	0,89286
650	1,65028	1,011	0,83761	0,98726	0,889	0,80027	0,748	0,2896	0,2896	0,31389	0,36742	0,24474	0,24158	0,7965	1,23299	1,16797	0,94379	1,26502	1,35714
655	1,6851	1,016	0,83761	0,98599	0,896	0,80121	0,7455	0,25401	0,24876	0,26759	0,31292	0,21382	0,20616	0,80366	1,22959	1,21743	0,81953	1,0636	1,11688
660	1,71963	1,021	0,83476	0,98471	0,903	0,80215	0,743	0,22331	0,21349	0,2285	0,26699	0,18618	0,17538	0,78458	1,19048	1,21429	0,67751	0,87633	0,91234
665	1,75383	1,0205	0,8283	0,98726	0,921	0,81246	0,7485	0,19609	0,18317	0,19423	0,22596	0,16382	0,14925	0,6876	1,06973	1,03611	0,59172	0,75618	0,78571
670	1,78769	1,02	0,81956	0,98981	0,939	0,82278	0,754	0,17237	0,1578	0,16536	0,19167	0,14408	0,12776	0,5779	0,93452	0,82967	0,4497	0,54417	0,53247
675	1,82118	1,0155	0,81007	0,99236	0,9195	0,80281	0,735	0,15213	0,13552	0,14011	0,16167	0,12697	0,10859	0,51192	0,84864	0,72057	0,39941	0,46996	0,44156
680	1,85429	1,011	0,79772	0,9949	0,9	0,78284	0,716	0,13468	0,11696	0,11966	0,13717	0,1125	0,09292	0,46343	0,78401	0,64757	0,43491	0,5159	0,48377
685	1,88701	0,9995	0,78072	0,9758	0,8485	0,74003	0,6775	0,12003	0,10149	0,10222	0,11696	0,1	0,07956	0,43005	0,73299	0,59419	0,52959	0,68551	0,69481
690	1,91931	0,988	0,76163	0,95669	0,797	0,69721	0,639	0,11654	0,09468	0,09321	0,1041	0,09408	0,07491	0,40064	0,68622	0,55181	0,51479	0,70671	0,75974
695	1,95118	0,976	0,74302	0,93758	0,8125	0,70665	0,645	0,09979	0,07859	0,07637	0,08512	0,08289	0,06098	0,36328	0,6284	0,49843	0,30178	0,42403	0,46104
700	1,98261	0,964	0,7246	0,91847	0,828	0,71609	0,651	0,09002	0,06807	0,06554	0,07226	0,07434	0,05285	0,3275	0,57058	0,44898	0,33728	0,47703	0,52273
705	2,01359	0,95	0,70617	0,88153	0,838	0,72979	0,666	0,08304	0,06126	0,05773	0,06307	0,06908	0,04704	0,29968	0,52381	0,41209	0,98225	1,44876	1,63636
710	2,04409	0,936	0,68756	0,84459	0,848	0,74349	0,681	0,07537	0,05446	0,04991	0,05389	0,06316	0,04123	0,27504	0,47874	0,37677	1,3284	1,97173	2,26623
715	2,07411	0,92	0,66857	0,80765	0,775	0,67977	0,6225	0,06699	0,04703	0,04269	0,04532	0,05592	0,03542	0,24483	0,42772	0,33673	0,60651	0,88693	1,03571
720	2,10365	0,904	0,64862	0,7707	0,702	0,61604	0,564	0,06141	0,04208	0,03728	0,03919	0,05132	0,03136	0,21701	0,37925	0,29827	0,14497	0,20141	0,23052
725	2,13268	0,887	0,62963	0,81019	0,7475	0,65745	0,603	0,05652	0,03775	0,03247	0,03307	0,04737	0,02787	0,19634	0,34184	0,26923	0,07101	0,09541	0,0974
730	2,1612	0,87	0,61159	0,84968	0,793	0,69886	0,642	0,05373	0,03465	0,02946	0,03001	0,04474	0,02555	0,17886	0,31122	0,2449	0,06213	0,08127	0,08442
735	2,1892	0,8575	0,59639	0,88917	0,8215	0,72486	0,667	0,05234	0,03342	0,02766	0,02817	0,04408	0,02497	0,16375	0,28571	0,22449	0,06213	0,0742	0,07468
740	2,21667	0,845	0,58405	0,92866	0,85	0,75087	0,692	0,05094	0,03156	0,02586	0,02572	0,04276	0,02323	0,15103	0,26276	0,20722	0,07101	0,08481	0,09091
745	2,24361	0,837	0,5717	0,84077	0,7845	0,6934	0,639	0,04745	0,02908	0,02345	0,02266	0,04013	0,02149	0,13911	0,24235	0,19074	0,07101	0,08481	0,09091
750	2,27	0,829	0,5622	0,75287	0,719	0,63593	0,586	0,04815	0,02908	0,02345	0,02266	0,04079	0,02207	0,12878	0,22534	0,17739	0,06213	0,07067	0,06818
755	2,29585	0,8265	0,55556	0,66497	0,6235	0,55005	0,506	0,04466	0,02661	0,02105	0,02021	0,03882	0,02033	0,12242	0,21344	0,16797	0,0503	0,08481	0,05519
760	2,32115	0,824	0,55176	0,57708	0,528	0,46418	0,426	0,04745	0,02847	0,02285	0,02143	0,04079	0,02265	0,11526	0,20153	0,15856	0,06213	0,11307	0,06818
765	2,34589	0,8275	0,55081	0,6293	0,6435	0,56612	0,52	0,04815	0,02908	0,02345	0,02205	0,04211	0,02381	0,10493	0,18282	0,14364	0,06509	0,09187	0,06169
770	2,37008	0,831	0,55271	0,68153	0,759	0,66805	0,614	0,04257	0,02475	0,01984	0,01898	0,03618	0,01916	0,093	0,16071	0,12637	0,0503	0,05654	0,0487
775	2,3937	0,831	0,55271	0,73376	0,759	0,65094	0,614	0,03629	0,02042	0,01684	0,01592	0,03092	0,0151	0,0787	0,1369	0,10832	0,0355	0,0424	0,03247
780	2,41675	0,831	0,55271	0,78599	0,759	0,63383	0,614	0,03001	0,01671	0,01263	0,01164	0,02632	0,0122	0,06439	0,11224	0,08791	0,02663	0,0318	0,01623
